WIDTH = 1920
HEIGHT = 1080
FULLSCREEN = 1
SCALE = 1.000000
MUSIC_VOLUME = 0.384615
SOUND_VOLUME = 0.400000
USER = michel

