WIDTH = 1908
HEIGHT = 987
FULLSCREEN = 1
SCALE = 0.650000
MUSIC_VOLUME = 0.400000
SOUND_VOLUME = 0.400000
USER = michel

